R0:3737298.601509,0.050151,3737298.601622,3737298.651773
R1:3737298.907161,0.160167,3737298.907239,3737299.067406
R2:3737299.161893,0.022009,3737299.161958,3737299.183966
R3:3737299.566304,0.146201,3737299.566380,3737299.712581
R4:3737299.634362,0.080737,3737299.712599,3737299.793336
R5:3737299.688606,0.099121,3737299.793344,3737299.892465
R6:3737299.796768,0.072031,3737299.892471,3737299.964502
R7:3737299.872406,0.247926,3737299.964508,3737300.212434
R8:3737300.379304,0.126336,3737300.379371,3737300.505707
R9:3737300.547612,0.093387,3737300.547677,3737300.641064
R10:3737300.573072,0.027824,3737300.641081,3737300.668905
R11:3737300.575818,0.163054,3737300.668913,3737300.831967
R12:3737300.600426,0.051240,3737300.831972,3737300.883213
R13:3737300.628832,0.011520,3737300.883219,3737300.894739
R14:3737300.652008,0.024623,3737300.894745,3737300.919368
R15:3737301.791179,0.182705,3737301.791252,3737301.973957
R16:3737301.911079,0.035102,3737301.973978,3737302.009081
R17:3737302.069152,0.074294,3737302.069220,3737302.143515
R18:3737302.238304,0.360362,3737302.238370,3737302.598732
R19:3737302.351710,0.147560,3737302.598749,3737302.746309
R20:3737302.409390,0.146930,3737302.746336,3737302.893266
R21:3737302.534083,0.222128,3737302.893275,3737303.115402
R22:3737302.619290,0.043457,3737303.115409,3737303.158867
R23:3737302.674816,0.251363,3737303.158873,3737303.410236
R24:3737302.949626,0.298236,3737303.410243,3737303.708479
R25:3737302.961683,0.008999,3737303.708486,3737303.717485
R26:3737303.086112,0.108835,3737303.717492,3737303.826326
R27:3737303.121693,0.042908,3737303.826333,3737303.869242
R28:3737303.489930,0.002023,3737303.869248,3737303.871271
R29:3737303.500989,0.006517,3737303.871277,3737303.877794
R30:3737303.602982,0.352792,3737303.877802,3737304.230594
R31:3737303.648351,0.190327,3737304.230603,3737304.420930
R32:3737304.035843,0.077601,3737304.420938,3737304.498539
R33:3737304.087541,0.142815,3737304.498544,3737304.641359
R34:3737304.165936,0.110179,3737304.641368,3737304.751547
R35:3737304.285698,0.004007,3737304.751556,3737304.755563
R36:3737304.412112,0.268582,3737304.755569,3737305.024152
R37:3737304.508052,0.127637,3737305.024158,3737305.151796
R38:3737304.953207,0.134145,3737305.151802,3737305.285948
R39:3737305.008962,0.043703,3737305.285953,3737305.329656
R40:3737305.179233,0.018149,3737305.329663,3737305.347812
R41:3737305.373290,0.212089,3737305.373366,3737305.585455
R42:3737305.469965,0.040098,3737305.585473,3737305.625571
R43:3737305.764515,0.223841,3737305.764582,3737305.988424
R44:3737305.807861,0.116050,3737305.988443,3737306.104493
R45:3737305.879756,0.088829,3737306.104501,3737306.193330
R46:3737306.402140,0.195670,3737306.402219,3737306.597889
R47:3737306.580632,0.257662,3737306.597906,3737306.855569
R48:3737306.677143,0.168614,3737306.855575,3737307.024190
R49:3737306.761852,0.241880,3737307.024207,3737307.266087
R50:3737306.953976,0.024312,3737307.266096,3737307.290408
R51:3737307.063774,0.252733,3737307.290413,3737307.543146
R52:3737307.563926,0.212915,3737307.564018,3737307.776933
R53:3737307.590569,0.056555,3737307.776954,3737307.833510
R54:3737307.761380,0.032998,3737307.833528,3737307.866526
R55:3737307.922485,0.036739,3737307.922560,3737307.959299
R56:3737308.179466,0.025632,3737308.179528,3737308.205160
R57:3737308.278216,0.032329,3737308.278279,3737308.310608
R58:3737308.312835,0.053871,3737308.312899,3737308.366770
R59:3737308.448328,0.237305,3737308.448396,3737308.685701
R60:3737308.479311,0.013476,3737308.685718,3737308.699194
R61:3737308.497466,0.142910,3737308.699202,3737308.842112
R62:3737308.611485,0.273343,3737308.842118,3737309.115461
R63:3737309.308706,0.048319,3737309.308782,3737309.357101
R64:3737309.500953,0.045992,3737309.501022,3737309.547014
R65:3737309.731872,0.026431,3737309.731961,3737309.758392
R66:3737309.789953,0.028026,3737309.790025,3737309.818051
R67:3737309.936335,0.131732,3737309.936405,3737310.068138
R68:3737309.963897,0.157731,3737310.068152,3737310.225883
R69:3737309.986247,0.136677,3737310.225890,3737310.362567
R70:3737310.016127,0.299782,3737310.362576,3737310.662357
R71:3737310.029042,0.073723,3737310.662364,3737310.736088
R72:3737310.038041,0.027452,3737310.736093,3737310.763545
R73:3737310.070353,0.131921,3737310.763550,3737310.895471
R74:3737310.336773,0.342360,3737310.895476,3737311.237837
R75:3737310.514904,0.142601,3737311.237843,3737311.380444
R76:3737310.684948,0.014491,3737311.380451,3737311.394943
R77:3737310.701350,0.008146,3737311.394949,3737311.403095
R78:3737310.823759,0.022898,3737311.403101,3737311.425999
R79:3737310.835844,0.171301,3737311.426006,3737311.597307
R80:3737310.938984,0.140887,3737311.597314,3737311.738201
R81:3737311.080942,0.017175,3737311.738208,3737311.755383
R82:3737311.089837,0.022857,3737311.755390,3737311.778247
R83:3737313.082312,0.013407,3737313.082404,3737313.095811
R84:3737313.450164,0.005557,3737313.450242,3737313.455800
R85:3737314.469988,0.007508,3737314.470067,3737314.477575
R86:3737314.810738,0.256485,3737314.810813,3737315.067298
R87:3737314.811444,0.019891,3737315.067330,3737315.087221
R88:3737314.961639,0.049707,3737315.087231,3737315.136938
R89:3737314.991335,0.171311,3737315.136949,3737315.308260
R90:3737315.398374,0.080405,3737315.398455,3737315.478860
R91:3737315.472533,0.060253,3737315.478886,3737315.539139
R92:3737315.616904,0.010496,3737315.616973,3737315.627469
R93:3737315.810715,0.141590,3737315.810783,3737315.952373
R94:3737315.936854,0.485729,3737315.952396,3737316.438125
R95:3737315.997335,0.210057,3737316.438152,3737316.648209
R96:3737316.140727,0.099131,3737316.648218,3737316.747349
R97:3737316.370337,0.137754,3737316.747358,3737316.885113
R98:3737316.376363,0.259530,3737316.885119,3737317.144649
R99:3737316.674902,0.177808,3737317.144661,3737317.322469
R100:3737317.019198,0.136184,3737317.322479,3737317.458663
R101:3737317.666566,0.411021,3737317.666645,3737318.077667
R102:3737318.056056,0.068768,3737318.077694,3737318.146462
R103:3737318.239281,0.177203,3737318.239358,3737318.416560
R104:3737318.269138,0.008012,3737318.416583,3737318.424595
R105:3737318.635437,0.028508,3737318.635617,3737318.664125
R106:3737318.810284,0.026024,3737318.810363,3737318.836388
R107:3737318.975772,0.038107,3737318.975838,3737319.013944
R108:3737319.176791,0.026322,3737319.176871,3737319.203194
R109:3737319.243243,0.100259,3737319.243311,3737319.343571
R110:3737319.256094,0.105306,3737319.343592,3737319.448899
R111:3737319.298292,0.355665,3737319.448908,3737319.804572
R112:3737319.417425,0.078989,3737319.804583,3737319.883572
R113:3737319.472192,0.012023,3737319.883583,3737319.895606
R114:3737319.683926,0.089781,3737319.895612,3737319.985394
R115:3737319.790221,0.059951,3737319.985440,3737320.045391
R116:3737320.271587,0.188180,3737320.271681,3737320.459861
R117:3737320.339936,0.000324,3737320.459914,3737320.460238
R118:3737320.434962,0.091250,3737320.460259,3737320.551509
R119:3737320.505480,0.026643,3737320.551521,3737320.578164
R120:3737320.804025,0.065962,3737320.804093,3737320.870055
R121:3737320.991609,0.036378,3737320.991670,3737321.028048
R122:3737321.101236,0.020157,3737321.101248,3737321.121406
R123:3737321.308761,0.004172,3737321.308839,3737321.313011
R124:3737321.470838,0.119067,3737321.470914,3737321.589982
R125:3737321.559917,0.101512,3737321.590013,3737321.691525
R126:3737321.746704,0.020410,3737321.746770,3737321.767181
R127:3737321.817770,0.098660,3737321.817836,3737321.916496
R128:3737321.974334,0.039805,3737321.974400,3737322.014206
R129:3737322.193022,0.022591,3737322.193087,3737322.215678
R130:3737322.417831,0.115441,3737322.417896,3737322.533337
R131:3737322.840715,0.029742,3737322.840785,3737322.870527
R132:3737323.017195,0.009172,3737323.017273,3737323.026445
R133:3737323.143913,0.209870,3737323.143992,3737323.353862
R134:3737323.194221,0.009843,3737323.353890,3737323.363733
R135:3737323.387355,0.044879,3737323.387424,3737323.432303
R136:3737323.407027,0.089946,3737323.432322,3737323.522269
R137:3737323.550309,0.034077,3737323.550375,3737323.584452
R138:3737323.733366,0.034021,3737323.733439,3737323.767461
R139:3737323.982562,0.021041,3737323.982623,3737324.003664
R140:3737324.049232,0.000358,3737324.049303,3737324.049662
R141:3737324.742264,0.040269,3737324.742340,3737324.782609
R142:3737325.035067,0.057358,3737325.035139,3737325.092498
R143:3737325.069830,0.251245,3737325.092521,3737325.343766
R144:3737325.600731,0.120090,3737325.600799,3737325.720889
R145:3737325.842014,0.115768,3737325.842083,3737325.957851
R146:3737325.863548,0.148843,3737325.957878,3737326.106721
R147:3737325.944266,0.248019,3737326.106754,3737326.354773
R148:3737326.421882,0.022759,3737326.421956,3737326.444715
R149:3737326.751878,0.079417,3737326.751946,3737326.831363
R150:3737327.014927,0.235317,3737327.014993,3737327.250310
R151:3737327.073744,0.207131,3737327.250334,3737327.457465
R152:3737327.474420,0.085849,3737327.474500,3737327.560350
R153:3737327.589339,0.032008,3737327.589409,3737327.621417
R154:3737327.618960,0.067806,3737327.621437,3737327.689243
R155:3737327.952201,0.189009,3737327.952268,3737328.141278
R156:3737328.056046,0.034397,3737328.141302,3737328.175700
R157:3737328.170242,0.115258,3737328.175710,3737328.290968
R158:3737328.203414,0.014973,3737328.290978,3737328.305951
R159:3737328.420143,0.067810,3737328.420209,3737328.488020
R160:3737328.574175,0.128827,3737328.574253,3737328.703080
R161:3737328.877688,0.025098,3737328.877754,3737328.902852
R162:3737328.910415,0.012926,3737328.910480,3737328.923407
R163:3737329.025458,0.044698,3737329.025526,3737329.070224
R164:3737329.050266,0.268671,3737329.070250,3737329.338921
R165:3737329.115730,0.097311,3737329.338949,3737329.436260
R166:3737329.514292,0.170445,3737329.514374,3737329.684819
R167:3737329.816466,0.040793,3737329.816538,3737329.857331
R168:3737329.930698,0.107538,3737329.930766,3737330.038303
R169:3737330.014293,0.029963,3737330.038330,3737330.068293
R170:3737330.170763,0.007531,3737330.170837,3737330.178369
R171:3737330.198103,0.104187,3737330.198175,3737330.302363
R172:3737330.217132,0.034006,3737330.302382,3737330.336388
R173:3737330.292458,0.009557,3737330.336393,3737330.345950
R174:3737330.359556,0.272562,3737330.359619,3737330.632182
R175:3737330.452468,0.030851,3737330.632203,3737330.663054
R176:3737330.598483,0.143455,3737330.663060,3737330.806515
R177:3737330.777687,0.017111,3737330.806527,3737330.823638
R178:3737330.889081,0.098261,3737330.889160,3737330.987420
R179:3737331.246740,0.023300,3737331.246811,3737331.270111
R180:3737331.368291,0.055547,3737331.368357,3737331.423905
R181:3737331.504211,0.050152,3737331.504279,3737331.554431
R182:3737331.799487,0.039455,3737331.799566,3737331.839021
R183:3737331.846195,0.101792,3737331.846260,3737331.948052
R184:3737332.064039,0.041286,3737332.064134,3737332.105420
R185:3737332.762295,0.014627,3737332.762372,3737332.776999
R186:3737333.142052,0.000542,3737333.142128,3737333.142670
R187:3737333.230221,0.148893,3737333.230297,3737333.379190
R188:3737333.485088,0.012179,3737333.485165,3737333.497345
R189:3737333.543052,0.127656,3737333.543129,3737333.670786
R190:3737333.877469,0.059621,3737333.877539,3737333.937161
R191:3737333.885883,0.123069,3737333.937181,3737334.060250
R192:3737334.602996,0.064225,3737334.603067,3737334.667293
R193:3737334.642481,0.009863,3737334.667313,3737334.677176
R194:3737334.976460,0.048272,3737334.976531,3737335.024803
R195:3737334.993946,0.107037,3737335.024823,3737335.131860
R196:3737335.053817,0.014122,3737335.131868,3737335.145990
R197:3737335.329820,0.005490,3737335.329887,3737335.335377
R198:3737335.338640,0.151808,3737335.338705,3737335.490513
R199:3737335.440640,0.058440,3737335.490529,3737335.548970
R200:3737335.636964,0.089071,3737335.637029,3737335.726101
R201:3737335.658109,0.075481,3737335.726118,3737335.801599
R202:3737335.802163,0.044929,3737335.802171,3737335.847100
R203:3737335.952836,0.219574,3737335.952899,3737336.172473
R204:3737336.013312,0.018611,3737336.172491,3737336.191102
R205:3737336.121215,0.074601,3737336.191110,3737336.265712
R206:3737336.278041,0.090683,3737336.278123,3737336.368806
R207:3737336.438840,0.177083,3737336.438918,3737336.616002
R208:3737336.483203,0.010407,3737336.616018,3737336.626425
R209:3737336.495320,0.018591,3737336.626432,3737336.645023
R210:3737336.924232,0.025553,3737336.924301,3737336.949853
R211:3737337.033783,0.034366,3737337.033849,3737337.068215
R212:3737337.325980,0.210601,3737337.326058,3737337.536660
R213:3737337.399638,0.168691,3737337.536678,3737337.705369
R214:3737337.469975,0.003700,3737337.705379,3737337.709079
R215:3737337.649364,0.150624,3737337.709087,3737337.859710
R216:3737337.699009,0.180852,3737337.859718,3737338.040571
R217:3737337.862940,0.024976,3737338.040579,3737338.065555
R218:3737337.924347,0.094789,3737338.065560,3737338.160349
R219:3737337.961139,0.112272,3737338.160357,3737338.272629
R220:3737337.980522,0.127105,3737338.272636,3737338.399741
R221:3737338.234609,0.051281,3737338.399750,3737338.451031
R222:3737338.271885,0.056918,3737338.451039,3737338.507957
R223:3737338.335108,0.048735,3737338.507968,3737338.556703
R224:3737338.378891,0.016809,3737338.556711,3737338.573520
R225:3737338.505748,0.001469,3737338.573527,3737338.574996
R226:3737338.640855,0.048154,3737338.640933,3737338.689087
R227:3737338.720600,0.133715,3737338.720666,3737338.854381
R228:3737338.781352,0.104885,3737338.854403,3737338.959287
R229:3737338.831647,0.252063,3737338.959295,3737339.211358
R230:3737338.965602,0.165960,3737339.211379,3737339.377339
R231:3737339.158662,0.037389,3737339.377350,3737339.414740
R232:3737339.358145,0.000602,3737339.414750,3737339.415352
R233:3737339.531178,0.185732,3737339.531247,3737339.716980
R234:3737339.658078,0.102916,3737339.717009,3737339.819925
R235:3737339.818672,0.051201,3737339.819942,3737339.871143
R236:3737339.940497,0.126893,3737339.940562,3737340.067456
R237:3737340.015453,0.113262,3737340.067505,3737340.180768
R238:3737340.285288,0.003345,3737340.285361,3737340.288706
R239:3737340.312951,0.115748,3737340.313029,3737340.428777
R240:3737340.323907,0.096485,3737340.428799,3737340.525284
R241:3737340.358542,0.083894,3737340.525302,3737340.609196
R242:3737340.559380,0.000573,3737340.609217,3737340.609789
R243:3737340.559581,0.030323,3737340.609793,3737340.640116
R244:3737340.620286,0.194880,3737340.640121,3737340.835003
R245:3737340.797842,0.041757,3737340.835017,3737340.876774
R246:3737340.831161,0.211204,3737340.876785,3737341.087989
R247:3737341.014606,0.037576,3737341.088004,3737341.125580
R248:3737341.191167,0.020612,3737341.191245,3737341.211858
R249:3737341.551670,0.070009,3737341.551742,3737341.621752
R250:3737341.580177,0.112594,3737341.621778,3737341.734372
R251:3737341.874496,0.021209,3737341.874552,3737341.895762
R252:3737342.265374,0.122440,3737342.265453,3737342.387894
R253:3737342.349008,0.079274,3737342.387922,3737342.467196
R254:3737342.687680,0.269540,3737342.687749,3737342.957289
R255:3737342.911541,0.261150,3737342.957313,3737343.218463
R256:3737342.955791,0.270935,3737343.218477,3737343.489412
R257:3737343.089419,0.080423,3737343.489428,3737343.569851
R258:3737343.203097,0.160767,3737343.569861,3737343.730628
R259:3737343.669608,0.090263,3737343.730641,3737343.820904
R260:3737343.950076,0.536018,3737343.950150,3737344.486168
R261:3737344.128528,0.039236,3737344.486192,3737344.525428
R262:3737344.586301,0.088954,3737344.586371,3737344.675325
R263:3737344.931974,0.142430,3737344.932046,3737345.074477
R264:3737345.101237,0.158431,3737345.101303,3737345.259734
R265:3737345.350172,0.092730,3737345.350241,3737345.442971
R266:3737345.400993,0.018267,3737345.442991,3737345.461258
R267:3737345.506992,0.200311,3737345.507062,3737345.707373
R268:3737345.771533,0.109188,3737345.771598,3737345.880786
R269:3737346.115505,0.094670,3737346.115575,3737346.210245
R270:3737346.204158,0.103733,3737346.210270,3737346.314004
R271:3737346.355597,0.016057,3737346.355664,3737346.371721
R272:3737346.484508,0.003352,3737346.484573,3737346.487925
R273:3737346.628715,0.073012,3737346.628782,3737346.701795
R274:3737346.829894,0.072371,3737346.829961,3737346.902332
R275:3737347.127814,0.067297,3737347.127882,3737347.195179
R276:3737347.147745,0.004972,3737347.195199,3737347.200170
R277:3737347.266763,0.048558,3737347.266850,3737347.315408
R278:3737347.547428,0.060170,3737347.547509,3737347.607680
R279:3737347.716636,0.053286,3737347.716710,3737347.769996
R280:3737347.742554,0.052217,3737347.770018,3737347.822235
R281:3737347.789850,0.126442,3737347.822251,3737347.948693
R282:3737347.792792,0.167636,3737347.948713,3737348.116350
R283:3737347.934908,0.059193,3737348.116362,3737348.175555
R284:3737348.080570,0.533184,3737348.175565,3737348.708749
R285:3737348.188723,0.007716,3737348.708759,3737348.716476
R286:3737348.198819,0.090951,3737348.716480,3737348.807432
R287:3737348.369454,0.024819,3737348.807441,3737348.832260
R288:3737348.411431,0.257063,3737348.832269,3737349.089332
R289:3737348.577262,0.062148,3737349.089342,3737349.151490
R290:3737348.800468,0.190104,3737349.151499,3737349.341603
R291:3737348.896686,0.297418,3737349.341611,3737349.639038
R292:3737349.405101,0.145678,3737349.639050,3737349.784728
R293:3737349.787361,0.076947,3737349.787437,3737349.864385
R294:3737349.855008,0.064923,3737349.864408,3737349.929331
R295:3737349.896246,0.062768,3737349.929342,3737349.992109
R296:3737350.394946,0.341967,3737350.395014,3737350.736981
R297:3737350.754445,0.061256,3737350.754509,3737350.815765
R298:3737350.788297,0.145435,3737350.815790,3737350.961225
R299:3737351.040836,0.029785,3737351.040898,3737351.070683
R300:3737351.432781,0.331057,3737351.432852,3737351.763909
R301:3737351.671770,0.051480,3737351.763932,3737351.815412
R302:3737351.738985,0.080844,3737351.815421,3737351.896265
R303:3737351.876120,0.021199,3737351.896293,3737351.917492
R304:3737352.038348,0.044645,3737352.038437,3737352.083082
R305:3737352.146696,0.248318,3737352.146759,3737352.395077
R306:3737352.323536,0.093278,3737352.395101,3737352.488379
R307:3737352.362979,0.011628,3737352.488390,3737352.500019
R308:3737352.697270,0.022190,3737352.697335,3737352.719524
R309:3737352.775232,0.089819,3737352.775298,3737352.865116
R310:3737352.948566,0.090718,3737352.948629,3737353.039348
R311:3737353.136695,0.082296,3737353.136762,3737353.219058
R312:3737353.146820,0.027790,3737353.219086,3737353.246876
R313:3737353.285035,0.042135,3737353.285102,3737353.327238
R314:3737353.288231,0.257298,3737353.327259,3737353.584557
R315:3737353.289756,0.147266,3737353.584569,3737353.731836
R316:3737353.443074,0.270714,3737353.731844,3737354.002558
R317:3737353.806767,0.059417,3737354.002568,3737354.061986
R318:3737353.838450,0.158587,3737354.061994,3737354.220582
R319:3737353.949941,0.337207,3737354.220593,3737354.557800
R320:3737354.119769,0.034657,3737354.557809,3737354.592466
R321:3737354.147913,0.045575,3737354.592473,3737354.638048
R322:3737354.504387,0.137689,3737354.638058,3737354.775747
R323:3737354.887221,0.031881,3737354.887292,3737354.919174
R324:3737354.994883,0.013048,3737354.994949,3737355.007997
R325:3737355.483348,0.097603,3737355.483429,3737355.581032
R326:3737355.817949,0.258415,3737355.818027,3737356.076442
R327:3737356.029335,0.033168,3737356.076470,3737356.109638
R328:3737356.063252,0.022687,3737356.109646,3737356.132334
R329:3737356.093749,0.019387,3737356.132339,3737356.151726
R330:3737356.257730,0.025819,3737356.257808,3737356.283627
R331:3737356.280315,0.001396,3737356.283650,3737356.285047
R332:3737356.769663,0.012782,3737356.769738,3737356.782521
R333:3737356.798899,0.104567,3737356.798990,3737356.903558
R334:3737356.902175,0.010631,3737356.903581,3737356.914212
R335:3737357.313470,0.007317,3737357.313566,3737357.320883
R336:3737357.472234,0.068603,3737357.472307,3737357.540911
R337:3737357.555654,0.034698,3737357.555725,3737357.590423
R338:3737357.651287,0.243487,3737357.651356,3737357.894843
R339:3737357.697930,0.021160,3737357.894871,3737357.916031
R340:3737357.837121,0.056536,3737357.916042,3737357.972578
R341:3737357.843024,0.139992,3737357.972589,3737358.112581
R342:3737358.123279,0.619967,3737358.123348,3737358.743315
R343:3737358.196731,0.074139,3737358.743337,3737358.817476
R344:3737358.202790,0.108409,3737358.817488,3737358.925898
R345:3737358.240185,0.039693,3737358.925908,3737358.965601
R346:3737358.440737,0.104047,3737358.965609,3737359.069657
R347:3737358.807637,0.005147,3737359.069666,3737359.074813
R348:3737358.877275,0.162623,3737359.074822,3737359.237445
R349:3737359.119858,0.114546,3737359.237456,3737359.352003
R350:3737359.319817,0.037533,3737359.352014,3737359.389547
R351:3737359.710721,0.035373,3737359.710790,3737359.746163
R352:3737359.943442,0.020957,3737359.943508,3737359.964464
R353:3737360.219688,0.005492,3737360.219757,3737360.225249
R354:3737360.368753,0.017111,3737360.368825,3737360.385937
R355:3737360.386594,0.014638,3737360.386600,3737360.401238
R356:3737360.433252,0.005981,3737360.433315,3737360.439296
R357:3737360.581501,0.290958,3737360.581578,3737360.872536
R358:3737360.948717,0.259320,3737360.948795,3737361.208115
R359:3737360.958344,0.029702,3737361.208139,3737361.237840
R360:3737361.063865,0.018493,3737361.237850,3737361.256343
R361:3737361.211260,0.064694,3737361.256350,3737361.321044
R362:3737361.357681,0.260460,3737361.357748,3737361.618209
R363:3737361.639421,0.087287,3737361.639486,3737361.726773
R364:3737361.764039,0.025520,3737361.764105,3737361.789625
R365:3737361.981907,0.100399,3737361.981977,3737362.082376
R366:3737362.033046,0.001679,3737362.082402,3737362.084081
R367:3737362.161816,0.042701,3737362.161884,3737362.204586
R368:3737362.608693,0.073946,3737362.608762,3737362.682708
R369:3737362.647094,0.036697,3737362.682733,3737362.719430
R370:3737362.732517,0.103601,3737362.732580,3737362.836182
R371:3737362.922380,0.031337,3737362.922448,3737362.953785
R372:3737363.020028,0.040480,3737363.020114,3737363.060594
R373:3737363.222483,0.142382,3737363.222554,3737363.364937
R374:3737363.262739,0.115067,3737363.364965,3737363.480031
R375:3737363.312504,0.186512,3737363.480041,3737363.666553
R376:3737363.315229,0.091820,3737363.666564,3737363.758384
R377:3737363.634123,0.110250,3737363.758392,3737363.868643
R378:3737363.698777,0.188388,3737363.868652,3737364.057040
R379:3737363.823503,0.029602,3737364.057065,3737364.086667
R380:3737363.871510,0.072233,3737364.086673,3737364.158907
R381:3737363.884194,0.094523,3737364.158918,3737364.253442
R382:3737364.251797,0.172222,3737364.253453,3737364.425675
R383:3737364.378016,0.133464,3737364.425685,3737364.559150
R384:3737364.910217,0.044620,3737364.910296,3737364.954916
R385:3737364.980490,0.002415,3737364.980557,3737364.982972
R386:3737364.987986,0.066797,3737364.988054,3737365.054851
R387:3737364.988841,0.123190,3737365.054868,3737365.178058
R388:3737365.046605,0.070808,3737365.178067,3737365.248875
R389:3737365.332548,0.008149,3737365.332614,3737365.340763
R390:3737365.437580,0.066097,3737365.437664,3737365.503761
R391:3737365.472914,0.004436,3737365.503786,3737365.508223
R392:3737365.901071,0.028085,3737365.901138,3737365.929224
R393:3737365.915783,0.094480,3737365.929249,3737366.023729
R394:3737366.122881,0.325879,3737366.122949,3737366.448828
R395:3737366.139140,0.018163,3737366.448860,3737366.467023
R396:3737366.475973,0.141585,3737366.476043,3737366.617629
R397:3737366.583682,0.000700,3737366.617651,3737366.618352
R398:3737366.834170,0.133356,3737366.834235,3737366.967591
R399:3737366.978214,0.255841,3737366.978281,3737367.234122
R400:3737367.205145,0.154948,3737367.234143,3737367.389091
R401:3737367.222053,0.010701,3737367.389106,3737367.399807
R402:3737367.709875,0.027354,3737367.709946,3737367.737300
R403:3737367.763461,0.009987,3737367.763526,3737367.773513
R404:3737368.040034,0.032464,3737368.040105,3737368.072569
R405:3737368.268930,0.277602,3737368.268994,3737368.546595
R406:3737368.300662,0.010168,3737368.546619,3737368.556787
R407:3737368.539119,0.186609,3737368.556798,3737368.743407
R408:3737369.200638,0.117916,3737369.200704,3737369.318620
R409:3737369.270289,0.056986,3737369.318651,3737369.375637
R410:3737369.371922,0.039154,3737369.375649,3737369.414803
R411:3737369.548837,0.013923,3737369.548901,3737369.562825
R412:3737369.701770,0.047481,3737369.701835,3737369.749316
R413:3737369.715906,0.107845,3737369.749339,3737369.857184
R414:3737369.740457,0.212597,3737369.857194,3737370.069791
R415:3737369.760720,0.023682,3737370.069807,3737370.093488
R416:3737369.906285,0.075265,3737370.093496,3737370.168761
R417:3737370.090228,0.286861,3737370.168784,3737370.455645
R418:3737370.152649,0.013021,3737370.455659,3737370.468680
R419:3737370.396308,0.072347,3737370.468689,3737370.541036
R420:3737370.402818,0.023771,3737370.541044,3737370.564815
R421:3737370.487765,0.017455,3737370.564821,3737370.582276
R422:3737370.588218,0.056873,3737370.588288,3737370.645162
R423:3737370.649648,0.104921,3737370.649712,3737370.754634
R424:3737370.650564,0.061980,3737370.754657,3737370.816638
R425:3737370.673060,0.151527,3737370.816649,3737370.968176
R426:3737370.687727,0.115416,3737370.968185,3737371.083601
R427:3737370.944648,0.201889,3737371.083615,3737371.285504
R428:3737371.346403,0.004833,3737371.346468,3737371.351301
R429:3737371.357201,0.019496,3737371.357267,3737371.376764
R430:3737371.482013,0.011600,3737371.482082,3737371.493682
R431:3737371.920227,0.090681,3737371.920301,3737372.010983
R432:3737372.002082,0.120511,3737372.011009,3737372.131520
R433:3737372.171631,0.052191,3737372.171698,3737372.223889
R434:3737372.300849,0.086199,3737372.300915,3737372.387114
R435:3737372.588926,0.025068,3737372.588993,3737372.614060
R436:3737373.013160,0.046873,3737373.013226,3737373.060099
R437:3737373.272681,0.010258,3737373.272746,3737373.283004
R438:3737373.352875,0.048992,3737373.352945,3737373.401937
R439:3737373.627896,0.272085,3737373.627963,3737373.900048
R440:3737373.857154,0.178059,3737373.900072,3737374.078131
R441:3737374.172544,0.100842,3737374.172613,3737374.273455
R442:3737374.381437,0.097992,3737374.381504,3737374.479496
R443:3737374.502439,0.086468,3737374.502509,3737374.588977
R444:3737374.618779,0.002992,3737374.618844,3737374.621837
R445:3737374.804505,0.091556,3737374.804583,3737374.896139
R446:3737375.039579,0.015542,3737375.039644,3737375.055186
R447:3737375.064530,0.150242,3737375.064609,3737375.214851
R448:3737375.100875,0.132920,3737375.214877,3737375.347797
R449:3737375.410831,0.109873,3737375.410897,3737375.520770
R450:3737375.444741,0.011158,3737375.520790,3737375.531948
R451:3737375.507318,0.010785,3737375.531959,3737375.542744
R452:3737375.872847,0.031515,3737375.872914,3737375.904429
R453:3737375.981778,0.033931,3737375.981845,3737376.015776
R454:3737376.018922,0.293748,3737376.018987,3737376.312736
R455:3737376.197579,0.070707,3737376.312757,3737376.383464
R456:3737376.239407,0.275434,3737376.383476,3737376.658910
R457:3737376.490611,0.034899,3737376.658920,3737376.693819
R458:3737376.516171,0.103429,3737376.693830,3737376.797259
R459:3737376.653393,0.026507,3737376.797269,3737376.823776
R460:3737376.997879,0.099252,3737376.997959,3737377.097211
R461:3737377.184699,0.167663,3737377.184763,3737377.352426
R462:3737377.482561,0.002887,3737377.482627,3737377.485513
R463:3737377.729933,0.096124,3737377.730014,3737377.826138
R464:3737377.878711,0.148914,3737377.878780,3737378.027694
R465:3737378.119207,0.007986,3737378.119278,3737378.127264
R466:3737378.174968,0.018961,3737378.175043,3737378.194004
R467:3737378.528368,0.044595,3737378.528438,3737378.573033
R468:3737378.561250,0.047596,3737378.573060,3737378.620655
R469:3737378.658800,0.010612,3737378.658866,3737378.669478
R470:3737378.832608,0.203592,3737378.832675,3737379.036267
R471:3737378.898302,0.011001,3737379.036293,3737379.047294
R472:3737379.054222,0.138517,3737379.054294,3737379.192811
R473:3737379.327366,0.045696,3737379.327431,3737379.373127
R474:3737379.412181,0.031771,3737379.412249,3737379.444020
R475:3737379.495743,0.007067,3737379.495812,3737379.502879
R476:3737379.648321,0.056598,3737379.648394,3737379.704992
R477:3737380.034696,0.112347,3737380.034779,3737380.147126
R478:3737380.389810,0.063798,3737380.389883,3737380.453681
R479:3737380.492727,0.025414,3737380.492794,3737380.518208
R480:3737380.550398,0.085972,3737380.550464,3737380.636436
R481:3737380.597488,0.013477,3737380.636462,3737380.649939
R482:3737380.657221,0.065423,3737380.657290,3737380.722713
R483:3737380.887914,0.021379,3737380.887981,3737380.909361
R484:3737380.998802,0.014316,3737380.998869,3737381.013185
R485:3737381.325156,0.020405,3737381.325232,3737381.345637
R486:3737381.382993,0.231033,3737381.383058,3737381.614091
R487:3737381.383470,0.165348,3737381.614117,3737381.779465
R488:3737381.440263,0.116324,3737381.779507,3737381.895831
R489:3737381.615473,0.004576,3737381.895840,3737381.900416
R490:3737381.647631,0.149191,3737381.900427,3737382.049618
R491:3737382.182947,0.197519,3737382.183019,3737382.380538
R492:3737382.202938,0.514920,3737382.380560,3737382.895481
R493:3737382.241655,0.110234,3737382.895495,3737383.005730
R494:3737382.369688,0.176344,3737383.005738,3737383.182082
R495:3737382.474208,0.124447,3737383.182089,3737383.306536
R496:3737382.845655,0.021504,3737383.306547,3737383.328051
R497:3737382.932275,0.016808,3737383.328060,3737383.344868
R498:3737383.235631,0.039134,3737383.344877,3737383.384011
R499:3737383.422275,0.076039,3737383.422342,3737383.498381
R500:3737383.493368,0.102267,3737383.498403,3737383.600670
R501:3737383.595227,0.061631,3737383.600681,3737383.662312
R502:3737383.805676,0.000586,3737383.805753,3737383.806339
R503:3737383.935523,0.021274,3737383.935601,3737383.956875
R504:3737383.987687,0.058716,3737383.987757,3737384.046473
R505:3737384.184721,0.105868,3737384.184797,3737384.290665
R506:3737384.229675,0.042974,3737384.290687,3737384.333662
R507:3737384.270912,0.055584,3737384.333669,3737384.389253
R508:3737384.391297,0.005178,3737384.391364,3737384.396543
R509:3737384.461448,0.165734,3737384.461517,3737384.627251
R510:3737384.477969,0.431577,3737384.627279,3737385.058855
R511:3737384.829987,0.033447,3737385.058875,3737385.092321
R512:3737384.952768,0.044511,3737385.092332,3737385.136843
R513:3737384.985881,0.192267,3737385.136853,3737385.329120
R514:3737385.082228,0.154265,3737385.329131,3737385.483396
R515:3737385.273769,0.015122,3737385.483404,3737385.498526
R516:3737385.355153,0.010913,3737385.498531,3737385.509444
R517:3737385.447846,0.343251,3737385.509448,3737385.852699
R518:3737385.600738,0.203324,3737385.852729,3737386.056053
R519:3737385.620029,0.162254,3737386.056064,3737386.218319
R520:3737385.648958,0.050366,3737386.218326,3737386.268692
R521:3737385.711583,0.076002,3737386.268702,3737386.344704
R522:3737385.812966,0.350796,3737386.344711,3737386.695508
R523:3737386.040726,0.009269,3737386.695518,3737386.704788
R524:3737386.572101,0.005453,3737386.704795,3737386.710249
R525:3737386.575565,0.229781,3737386.710257,3737386.940038
R526:3737386.955842,0.054325,3737386.955912,3737387.010238
R527:3737386.962610,0.024827,3737387.010282,3737387.035109
R528:3737386.996468,0.097496,3737387.035116,3737387.132612
R529:3737387.247617,0.061895,3737387.247682,3737387.309577
R530:3737387.260372,0.061607,3737387.309602,3737387.371209
R531:3737387.348027,0.180504,3737387.371220,3737387.551724
R532:3737387.501517,0.022594,3737387.551739,3737387.574333
R533:3737387.639624,0.111645,3737387.639691,3737387.751337
R534:3737387.910592,0.328478,3737387.910666,3737388.239144
R535:3737387.922939,0.048533,3737388.239172,3737388.287705
R536:3737388.030394,0.267154,3737388.287714,3737388.554868
R537:3737388.104328,0.010897,3737388.554879,3737388.565776
R538:3737388.518859,0.208429,3737388.565785,3737388.774214
R539:3737388.904137,0.254344,3737388.904212,3737389.158556
R540:3737388.939632,0.009393,3737389.158584,3737389.167978
R541:3737389.379728,0.345443,3737389.379798,3737389.725241
R542:3737389.666403,0.000474,3737389.725270,3737389.725743
R543:3737389.784897,0.033854,3737389.784964,3737389.818819
R544:3737389.819671,0.030366,3737389.819678,3737389.850043
R545:3737389.984275,0.003718,3737389.984341,3737389.988059
R546:3737390.214458,0.043156,3737390.214528,3737390.257684
R547:3737390.427719,0.033568,3737390.427786,3737390.461354
R548:3737390.770394,0.112472,3737390.770461,3737390.882933
R549:3737390.904509,0.097832,3737390.904574,3737391.002407
R550:3737391.431720,0.056717,3737391.431794,3737391.488511
R551:3737391.601002,0.553190,3737391.601062,3737392.154253
R552:3737391.602451,0.259588,3737392.154280,3737392.413868
R553:3737391.677813,0.030737,3737392.413880,3737392.444618
R554:3737391.695254,0.034398,3737392.444626,3737392.479024
R555:3737391.964360,0.130823,3737392.479032,3737392.609854
R556:3737391.998677,0.000698,3737392.609863,3737392.610561
R557:3737392.078551,0.220284,3737392.610565,3737392.830849
R558:3737392.278173,0.217458,3737392.830863,3737393.048321
R559:3737392.280145,0.101943,3737393.048332,3737393.150274
R560:3737392.312556,0.259533,3737393.150284,3737393.409817
R561:3737392.339302,0.204063,3737393.409827,3737393.613890
R562:3737392.526986,0.079346,3737393.613899,3737393.693245
R563:3737392.580800,0.176388,3737393.693252,3737393.869640
R564:3737392.608920,0.011981,3737393.869648,3737393.881630
R565:3737392.650977,0.197173,3737393.881637,3737394.078810
R566:3737392.751446,0.061850,3737394.078819,3737394.140669
R567:3737392.882985,0.240254,3737394.140677,3737394.380931
R568:3737393.206944,0.312609,3737394.380942,3737394.693551
R569:3737393.288433,0.020788,3737394.693561,3737394.714349
R570:3737393.320329,0.044654,3737394.714354,3737394.759008
R571:3737393.367657,0.098854,3737394.759018,3737394.857872
R572:3737393.783282,0.095579,3737394.857881,3737394.953460
R573:3737393.859538,0.047610,3737394.953470,3737395.001080
R574:3737393.980972,0.118447,3737395.001087,3737395.119534
R575:3737394.097118,0.105001,3737395.119543,3737395.224544
R576:3737394.100152,0.118316,3737395.224552,3737395.342868
R577:3737394.261190,0.225717,3737395.342876,3737395.568593
R578:3737394.383571,0.112492,3737395.568605,3737395.681097
R579:3737394.429634,0.062435,3737395.681106,3737395.743541
R580:3737394.644188,0.019438,3737395.743551,3737395.762989
R581:3737394.902907,0.040649,3737395.762997,3737395.803646
R582:3737394.968469,0.020090,3737395.803655,3737395.823744
R583:3737395.137787,0.002488,3737395.823752,3737395.826241
R584:3737395.184310,0.054071,3737395.826248,3737395.880319
R585:3737395.209089,0.048659,3737395.880327,3737395.928986
R586:3737395.248862,0.013888,3737395.928996,3737395.942884
R587:3737395.499589,0.015659,3737395.942891,3737395.958550
R588:3737395.501811,0.075620,3737395.958554,3737396.034174
R589:3737395.729667,0.028368,3737396.034181,3737396.062549
R590:3737395.853311,0.078033,3737396.062556,3737396.140589
R591:3737395.895723,0.185862,3737396.140598,3737396.326461
R592:3737396.274659,0.053987,3737396.326470,3737396.380457
R593:3737396.319412,0.064789,3737396.380467,3737396.445256
R594:3737396.543590,0.062258,3737396.543670,3737396.605929
R595:3737396.559774,0.212632,3737396.605956,3737396.818588
R596:3737397.032170,0.030982,3737397.032241,3737397.063223
R597:3737397.202503,0.032574,3737397.202579,3737397.235157
R598:3737397.242804,0.061298,3737397.242867,3737397.304166
R599:3737397.341975,0.088319,3737397.342042,3737397.430361
R600:3737397.402050,0.072329,3737397.430383,3737397.502713
R601:3737397.749883,0.106062,3737397.749950,3737397.856013
R602:3737398.344744,0.419835,3737398.344813,3737398.764648
R603:3737398.517138,0.049375,3737398.764678,3737398.814053
R604:3737398.784313,0.038927,3737398.814064,3737398.852991
R605:3737398.905106,0.134775,3737398.905175,3737399.039950
R606:3737399.073852,0.076295,3737399.073920,3737399.150215
R607:3737399.406621,0.010495,3737399.406694,3737399.417189
R608:3737399.552927,0.039120,3737399.552995,3737399.592115
R609:3737400.055206,0.004435,3737400.055275,3737400.059710
R610:3737400.198412,0.072924,3737400.198483,3737400.271407
R611:3737400.456321,0.055739,3737400.456389,3737400.512127
R612:3737400.886070,0.014948,3737400.886141,3737400.901089
R613:3737401.141610,0.026470,3737401.141681,3737401.168152
R614:3737401.345257,0.000791,3737401.345323,3737401.346114
R615:3737401.496788,0.064064,3737401.496858,3737401.560922
R616:3737401.781771,0.156504,3737401.781841,3737401.938345
R617:3737401.905066,0.018301,3737401.938372,3737401.956673
R618:3737401.927680,0.259710,3737401.956685,3737402.216396
R619:3737402.176969,0.034451,3737402.216424,3737402.250874
R620:3737402.312640,0.021513,3737402.312706,3737402.334220
R621:3737402.360144,0.011896,3737402.360208,3737402.372105
R622:3737402.365505,0.095684,3737402.372129,3737402.467812
R623:3737402.582060,0.113370,3737402.582125,3737402.695496
R624:3737402.621736,0.155242,3737402.695520,3737402.850762
R625:3737403.089678,0.129772,3737403.089759,3737403.219531
R626:3737403.302773,0.103745,3737403.302840,3737403.406585
R627:3737403.363662,0.009445,3737403.406609,3737403.416054
R628:3737403.391570,0.196213,3737403.416063,3737403.612276
R629:3737403.647368,0.048062,3737403.647460,3737403.695522
R630:3737403.712321,0.015291,3737403.712386,3737403.727678
R631:3737404.048971,0.049438,3737404.049051,3737404.098489
R632:3737404.370418,0.398746,3737404.370497,3737404.769243
R633:3737404.820241,0.123311,3737404.820321,3737404.943633
R634:3737404.956063,0.012126,3737404.956127,3737404.968254
R635:3737405.351871,0.016833,3737405.351948,3737405.368781
R636:3737405.351890,0.003217,3737405.368819,3737405.372036
R637:3737405.413199,0.003567,3737405.413215,3737405.416782
R638:3737405.464997,0.065175,3737405.465090,3737405.530266
R639:3737405.638816,0.088478,3737405.638885,3737405.727363
R640:3737405.846993,0.057047,3737405.847060,3737405.904107
R641:3737405.898809,0.085126,3737405.904132,3737405.989257
R642:3737405.961644,0.063146,3737405.989272,3737406.052418
R643:3737405.975621,0.200154,3737406.052440,3737406.252594
R644:3737406.157040,0.426487,3737406.252605,3737406.679092
R645:3737406.223211,0.021685,3737406.679101,3737406.700786
R646:3737406.270386,0.010661,3737406.700796,3737406.711457
R647:3737406.293170,0.006236,3737406.711461,3737406.717697
R648:3737406.439754,0.015349,3737406.717701,3737406.733050
R649:3737406.454128,0.456032,3737406.733053,3737407.189085
R650:3737406.698409,0.146586,3737407.189095,3737407.335682
R651:3737406.747834,0.083069,3737407.335690,3737407.418759
R652:3737406.773847,0.053027,3737407.418770,3737407.471796
R653:3737407.042738,0.059479,3737407.471803,3737407.531282
R654:3737407.195168,0.037468,3737407.531290,3737407.568758
R655:3737407.563695,0.017145,3737407.568767,3737407.585912
R656:3737407.569732,0.043011,3737407.585920,3737407.628931
R657:3737407.798954,0.175802,3737407.799032,3737407.974834
R658:3737408.017605,0.050076,3737408.017667,3737408.067743
R659:3737408.301339,0.015709,3737408.301416,3737408.317125
R660:3737408.497892,0.279628,3737408.497911,3737408.777539
R661:3737408.577540,0.070850,3737408.777566,3737408.848416
R662:3737408.646881,0.259452,3737408.848424,3737409.107876
R663:3737408.653707,0.013087,3737409.107889,3737409.120976
R664:3737408.793631,0.041121,3737409.120982,3737409.162103
R665:3737408.805308,0.039170,3737409.162110,3737409.201281
R666:3737408.825152,0.029662,3737409.201287,3737409.230949
R667:3737408.843886,0.237566,3737409.230956,3737409.468522
R668:3737409.209288,0.066873,3737409.468531,3737409.535403
R669:3737409.393178,0.081791,3737409.535413,3737409.617203
R670:3737409.466365,0.049575,3737409.617213,3737409.666788
R671:3737409.734721,0.079266,3737409.734799,3737409.814065
R672:3737409.944644,0.059217,3737409.944709,3737410.003927
R673:3737410.169455,0.081689,3737410.169519,3737410.251209
R674:3737410.247792,0.006985,3737410.251231,3737410.258216
R675:3737410.554071,0.024933,3737410.554137,3737410.579070
R676:3737410.756738,0.004488,3737410.756804,3737410.761293
R677:3737410.757822,0.004763,3737410.761325,3737410.766088
R678:3737410.975000,0.035151,3737410.975083,3737411.010233
R679:3737411.555106,0.003751,3737411.555124,3737411.558875
R680:3737411.586010,0.033043,3737411.586022,3737411.619064
R681:3737411.753321,0.134628,3737411.753341,3737411.887969
R682:3737411.827951,0.028670,3737411.887997,3737411.916667
R683:3737411.956680,0.023102,3737411.956744,3737411.979846
R684:3737412.130166,0.000221,3737412.130234,3737412.130455
R685:3737412.352714,0.077009,3737412.352791,3737412.429801
R686:3737412.594033,0.065609,3737412.594111,3737412.659721
R687:3737412.677278,0.014335,3737412.677343,3737412.691678
R688:3737412.691983,0.061501,3737412.691990,3737412.753491
R689:3737413.130507,0.146449,3737413.130586,3737413.277036
R690:3737413.326661,0.050305,3737413.326727,3737413.377032
R691:3737413.451386,0.076197,3737413.451453,3737413.527649
R692:3737414.210519,0.126506,3737414.210594,3737414.337101
R693:3737414.306935,0.052495,3737414.337123,3737414.389619
R694:3737414.451435,0.138207,3737414.451500,3737414.589707
R695:3737414.453821,0.104319,3737414.589730,3737414.694049
R696:3737414.552027,0.164066,3737414.694060,3737414.858126
R697:3737414.557165,0.084021,3737414.858150,3737414.942171
R698:3737414.638865,0.003491,3737414.942181,3737414.945672
R699:3737414.648371,0.157172,3737414.945677,3737415.102849
R700:3737414.896734,0.077562,3737415.102862,3737415.180424
R701:3737414.902944,0.056144,3737415.180431,3737415.236575
R702:3737414.969532,0.053398,3737415.236582,3737415.289980
R703:3737414.973032,0.297022,3737415.289987,3737415.587010
R704:3737415.111072,0.029425,3737415.587026,3737415.616451
R705:3737415.455137,0.051070,3737415.616465,3737415.667535
R706:3737415.665841,0.122757,3737415.667546,3737415.790303
R707:3737415.840932,0.009368,3737415.841000,3737415.850368
R708:3737416.291892,0.071937,3737416.291964,3737416.363902
R709:3737416.384067,0.057790,3737416.384145,3737416.441935
R710:3737416.498886,0.286613,3737416.498957,3737416.785570
R711:3737416.549508,0.034560,3737416.785594,3737416.820154
R712:3737416.564616,0.064257,3737416.820166,3737416.884423
R713:3737416.795162,0.163291,3737416.884432,3737417.047723
R714:3737417.123559,0.100853,3737417.123580,3737417.224434
R715:3737417.241909,0.078721,3737417.241974,3737417.320695
R716:3737417.393372,0.260767,3737417.393440,3737417.654207
R717:3737417.425412,0.021758,3737417.654244,3737417.676002
R718:3737418.036926,0.077145,3737418.036995,3737418.114140
R719:3737418.106200,0.023968,3737418.114163,3737418.138132
R720:3737418.132168,0.197875,3737418.138140,3737418.336016
R721:3737418.394331,0.058481,3737418.394401,3737418.452882
R722:3737418.552586,0.079015,3737418.552655,3737418.631670
R723:3737418.692779,0.504023,3737418.692845,3737419.196868
R724:3737418.819417,0.003053,3737419.196890,3737419.199943
R725:3737418.829594,0.038720,3737419.199951,3737419.238671
R726:3737418.924006,0.073199,3737419.238678,3737419.311877
R727:3737419.526913,0.128149,3737419.526977,3737419.655127
R728:3737419.685260,0.064215,3737419.685324,3737419.749540
R729:3737420.514897,0.069611,3737420.514975,3737420.584586
R730:3737420.639696,0.013235,3737420.639762,3737420.652998
R731:3737420.658963,0.033396,3737420.659043,3737420.692439
R732:3737420.666882,0.002108,3737420.692466,3737420.694575
R733:3737420.675481,0.049477,3737420.694582,3737420.744059
R734:3737420.784299,0.097737,3737420.784366,3737420.882104
R735:3737420.920583,0.043246,3737420.920647,3737420.963893
R736:3737421.074733,0.024393,3737421.074802,3737421.099195
R737:3737421.185489,0.005574,3737421.185554,3737421.191128
R738:3737421.448715,0.039467,3737421.448786,3737421.488254
R739:3737421.688451,0.172508,3737421.688516,3737421.861024
R740:3737421.696616,0.065430,3737421.861055,3737421.926485
R741:3737421.770006,0.039945,3737421.926511,3737421.966456
R742:3737421.795715,0.141117,3737421.966466,3737422.107584
R743:3737422.993020,0.487325,3737422.993102,3737423.480427
R744:3737423.001883,0.086442,3737423.480454,3737423.566896
R745:3737423.045449,0.041411,3737423.566907,3737423.608317
R746:3737423.158940,0.077696,3737423.608325,3737423.686021
R747:3737423.361105,0.139810,3737423.686031,3737423.825842
R748:3737423.523693,0.010808,3737423.825850,3737423.836658
R749:3737423.660941,0.012736,3737423.836662,3737423.849398
R750:3737423.686715,0.137293,3737423.849403,3737423.986696
R751:3737423.902583,0.023776,3737423.986704,3737424.010479
R752:3737424.008616,0.030728,3737424.010499,3737424.041227
R753:3737424.558517,0.129379,3737424.558595,3737424.687974
R754:3737424.610030,0.037624,3737424.688008,3737424.725632
R755:3737424.758902,0.293391,3737424.758969,3737425.052360
R756:3737424.891119,0.117280,3737425.052393,3737425.169673
R757:3737425.154247,0.157501,3737425.169687,3737425.327188
R758:3737425.208111,0.039721,3737425.327198,3737425.366919
R759:3737425.306745,0.112895,3737425.366924,3737425.479820
R760:3737425.563212,0.032736,3737425.563286,3737425.596022
R761:3737425.958204,0.093951,3737425.958268,3737426.052219
R762:3737425.960853,0.101801,3737426.052248,3737426.154050
R763:3737426.246077,0.047874,3737426.246144,3737426.294018
R764:3737426.321022,0.070388,3737426.321086,3737426.391474
R765:3737426.546273,0.062975,3737426.546343,3737426.609318
R766:3737426.661820,0.352992,3737426.661899,3737427.014891
R767:3737426.710218,0.024216,3737427.014916,3737427.039132
R768:3737426.899549,0.289492,3737427.039147,3737427.328640
R769:3737426.944261,0.174809,3737427.328652,3737427.503462
R770:3737427.415513,0.067031,3737427.503488,3737427.570519
R771:3737427.465316,0.005341,3737427.570531,3737427.575872
R772:3737427.712249,0.005006,3737427.712327,3737427.717333
R773:3737427.745124,0.098242,3737427.745201,3737427.843443
R774:3737428.055862,0.099520,3737428.055932,3737428.155452
R775:3737428.134645,0.033287,3737428.155480,3737428.188767
R776:3737428.194633,0.038261,3737428.194698,3737428.232959
R777:3737428.595096,0.130528,3737428.595170,3737428.725698
R778:3737428.966538,0.029361,3737428.966616,3737428.995977
R779:3737429.489479,0.119647,3737429.489545,3737429.609193
R780:3737429.508789,0.093996,3737429.609228,3737429.703224
R781:3737429.746487,0.001181,3737429.746551,3737429.747733
R782:3737429.776553,0.185722,3737429.776626,3737429.962348
R783:3737429.921168,0.168899,3737429.962374,3737430.131273
R784:3737429.964050,0.018350,3737430.131296,3737430.149646
R785:3737430.223054,0.004798,3737430.223129,3737430.227927
R786:3737430.393893,0.053425,3737430.393970,3737430.447396
R787:3737430.571806,0.180211,3737430.571873,3737430.752085
R788:3737430.589170,0.287995,3737430.752111,3737431.040107
R789:3737430.692721,0.182853,3737431.040123,3737431.222976
R790:3737430.795629,0.143915,3737431.223114,3737431.367029
R791:3737430.937941,0.066115,3737431.367052,3737431.433167
R792:3737430.959731,0.001492,3737431.433175,3737431.434667
R793:3737430.973783,0.003812,3737431.434674,3737431.438487
R794:3737431.013638,0.038858,3737431.438495,3737431.477353
R795:3737431.065927,0.002944,3737431.477360,3737431.480304
R796:3737431.287368,0.230421,3737431.480314,3737431.710735
R797:3737431.733806,0.071618,3737431.733888,3737431.805506
R798:3737431.740754,0.031138,3737431.805529,3737431.836668
R799:3737431.967896,0.076067,3737431.967961,3737432.044029
R800:3737432.033833,0.343791,3737432.044051,3737432.387842
R801:3737432.129059,0.009576,3737432.387877,3737432.397453
R802:3737432.273453,0.113430,3737432.397463,3737432.510892
R803:3737432.353614,0.186099,3737432.510902,3737432.697002
R804:3737432.788395,0.048941,3737432.788462,3737432.837403
R805:3737432.950645,0.021869,3737432.950710,3737432.972579
R806:3737433.142575,0.164156,3737433.142640,3737433.306796
R807:3737433.169647,0.026224,3737433.306820,3737433.333045
R808:3737433.359647,0.223320,3737433.359714,3737433.583034
R809:3737433.646510,0.009472,3737433.646575,3737433.656046
R810:3737433.698533,0.000324,3737433.698602,3737433.698926
R811:3737433.738840,0.015798,3737433.738918,3737433.754717
R812:3737433.760036,0.017451,3737433.760119,3737433.777570
R813:3737434.149562,0.104256,3737434.149639,3737434.253896
R814:3737434.328166,0.414785,3737434.328232,3737434.743017
R815:3737434.421190,0.198717,3737434.743040,3737434.941758
R816:3737434.454298,0.142541,3737434.941772,3737435.084313
R817:3737434.960643,0.040621,3737435.084331,3737435.124952
R818:3737435.474682,0.212525,3737435.474762,3737435.687286
R819:3737435.570721,0.006204,3737435.687314,3737435.693518
R820:3737435.603467,0.198157,3737435.693527,3737435.891683
R821:3737435.655386,0.054041,3737435.891692,3737435.945733
R822:3737435.704814,0.276072,3737435.945741,3737436.221813
R823:3737435.888829,0.067256,3737436.221823,3737436.289079
R824:3737436.062937,0.247992,3737436.289089,3737436.537082
R825:3737436.357850,0.004538,3737436.537091,3737436.541629
R826:3737436.502432,0.120179,3737436.541639,3737436.661818
R827:3737436.922322,0.173090,3737436.922397,3737437.095488
R828:3737436.957557,0.188403,3737437.095517,3737437.283919
R829:3737437.284628,0.033853,3737437.284636,3737437.318489
R830:3737437.390555,0.105103,3737437.390625,3737437.495727
R831:3737437.688089,0.153384,3737437.688155,3737437.841539
R832:3737437.715205,0.011018,3737437.841561,3737437.852580
R833:3737437.803153,0.188357,3737437.852587,3737438.040943
R834:3737437.824111,0.035160,3737438.040967,3737438.076128
R835:3737438.523265,0.029107,3737438.523342,3737438.552449
R836:3737438.921139,0.017995,3737438.921207,3737438.939203
R837:3737438.949931,0.175479,3737438.949996,3737439.125475
R838:3737439.134726,0.038301,3737439.134793,3737439.173093
R839:3737439.152564,0.267386,3737439.173115,3737439.440501
R840:3737439.216034,0.226933,3737439.440518,3737439.667451
R841:3737439.260567,0.016714,3737439.667467,3737439.684181
R842:3737439.877945,0.018138,3737439.878016,3737439.896154
R843:3737440.029005,0.060778,3737440.029070,3737440.089849
R844:3737440.656269,0.059262,3737440.656343,3737440.715605
R845:3737440.658618,0.187165,3737440.715628,3737440.902793
R846:3737440.884828,0.223233,3737440.902807,3737441.126040
R847:3737440.901948,0.070837,3737441.126055,3737441.196892
R848:3737441.067859,0.138051,3737441.196902,3737441.334953
R849:3737442.039001,0.401626,3737442.039068,3737442.440694
R850:3737442.112236,0.030600,3737442.440719,3737442.471320
R851:3737442.119920,0.022763,3737442.471329,3737442.494091
R852:3737442.164470,0.234903,3737442.494096,3737442.728999
R853:3737442.257671,0.075450,3737442.729016,3737442.804466
R854:3737442.262868,0.042662,3737442.804474,3737442.847136
R855:3737442.304869,0.061096,3737442.847149,3737442.908245
R856:3737442.407811,0.057296,3737442.908251,3737442.965547
R857:3737442.454415,0.183176,3737442.965557,3737443.148733
R858:3737442.611825,0.088647,3737443.148740,3737443.237387
R859:3737442.765398,0.095694,3737443.237397,3737443.333091
R860:3737442.823743,0.003867,3737443.333098,3737443.336965
R861:3737442.829693,0.014221,3737443.336973,3737443.351194
R862:3737442.933033,0.009705,3737443.351203,3737443.360908
R863:3737443.377814,0.262701,3737443.377885,3737443.640587
R864:3737443.548153,0.543082,3737443.640619,3737444.183701
R865:3737443.854679,0.217183,3737444.183711,3737444.400894
R866:3737444.255436,0.015572,3737444.400905,3737444.416477
R867:3737444.305457,0.116330,3737444.416485,3737444.532814
R868:3737444.321115,0.012811,3737444.532823,3737444.545634
R869:3737444.329448,0.031672,3737444.545641,3737444.577313
R870:3737444.370289,0.113341,3737444.577321,3737444.690663
R871:3737444.475341,0.124283,3737444.690673,3737444.814957
R872:3737444.692734,0.041511,3737444.814965,3737444.856476
R873:3737444.712959,0.125965,3737444.856484,3737444.982449
R874:3737444.846534,0.187478,3737444.982458,3737445.169936
R875:3737445.284188,0.328707,3737445.284206,3737445.612914
R876:3737445.351487,0.158108,3737445.612940,3737445.771048
R877:3737445.711304,0.168846,3737445.771065,3737445.939911
R878:3737445.727990,0.132918,3737445.939933,3737446.072852
R879:3737446.091006,0.130113,3737446.091077,3737446.221190
R880:3737446.317406,0.105724,3737446.317469,3737446.423193
R881:3737446.536214,0.462176,3737446.536280,3737446.998456
R882:3737446.694794,0.121543,3737446.998481,3737447.120035
R883:3737446.960394,0.186773,3737447.120043,3737447.306817
R884:3737447.149123,0.225389,3737447.306829,3737447.532217
R885:3737447.438352,0.034417,3737447.532233,3737447.566649
R886:3737447.459104,0.186842,3737447.566657,3737447.753500
R887:3737447.600973,0.116249,3737447.753509,3737447.869759
R888:3737447.601419,0.080727,3737447.869785,3737447.950512
R889:3737447.635595,0.011990,3737447.950523,3737447.962513
R890:3737447.721726,0.133076,3737447.962522,3737448.095597
R891:3737447.807022,0.033558,3737448.095606,3737448.129164
R892:3737447.820136,0.018732,3737448.129169,3737448.147901
R893:3737447.945966,0.053906,3737448.147907,3737448.201813
R894:3737447.963587,0.185265,3737448.201824,3737448.387089
R895:3737448.357896,0.101350,3737448.387099,3737448.488449
R896:3737448.383914,0.142001,3737448.488457,3737448.630459
R897:3737448.498042,0.034610,3737448.630468,3737448.665078
R898:3737448.662511,0.036374,3737448.665087,3737448.701461
R899:3737448.765747,0.033598,3737448.765825,3737448.799424
R900:3737448.790520,0.029447,3737448.799443,3737448.828890
R901:3737448.827701,0.148287,3737448.828902,3737448.977189
R902:3737448.970928,0.086554,3737448.977200,3737449.063754
R903:3737448.988635,0.033698,3737449.063766,3737449.097464
R904:3737449.091438,0.199400,3737449.097474,3737449.296874
R905:3737449.115256,0.076279,3737449.296884,3737449.373163
R906:3737449.200143,0.064376,3737449.373170,3737449.437546
R907:3737449.352687,0.013874,3737449.437554,3737449.451427
R908:3737449.637309,0.251321,3737449.637378,3737449.888699
R909:3737449.810167,0.080214,3737449.888722,3737449.968937
R910:3737449.941881,0.117354,3737449.968966,3737450.086321
R911:3737450.181256,0.029832,3737450.181327,3737450.211160
R912:3737450.216118,0.169231,3737450.216183,3737450.385414
R913:3737450.315468,0.241605,3737450.385438,3737450.627042
R914:3737450.448749,0.116660,3737450.627067,3737450.743727
R915:3737450.470224,0.038680,3737450.743735,3737450.782414
R916:3737450.506608,0.148124,3737450.782425,3737450.930548
R917:3737450.985985,0.004538,3737450.986056,3737450.990594
R918:3737451.002412,0.080765,3737451.002494,3737451.083259
R919:3737451.074685,0.066343,3737451.083280,3737451.149623
R920:3737451.141547,0.130748,3737451.149633,3737451.280381
R921:3737451.231752,0.001768,3737451.280392,3737451.282160
R922:3737451.234881,0.181567,3737451.282192,3737451.463760
R923:3737451.272951,0.189507,3737451.463770,3737451.653277
R924:3737451.299466,0.118192,3737451.653299,3737451.771491
R925:3737451.534752,0.073072,3737451.771502,3737451.844573
R926:3737451.620268,0.089163,3737451.844581,3737451.933744
R927:3737451.701041,0.179013,3737451.933757,3737452.112770
R928:3737451.950679,0.039581,3737452.112778,3737452.152359
R929:3737452.037480,0.074813,3737452.152365,3737452.227178
R930:3737452.264447,0.281139,3737452.264528,3737452.545667
R931:3737452.267051,0.319653,3737452.545689,3737452.865342
R932:3737452.580515,0.283550,3737452.865353,3737453.148903
R933:3737452.788295,0.006650,3737453.148912,3737453.155563
R934:3737452.788882,0.040631,3737453.155568,3737453.196198
R935:3737452.902888,0.244594,3737453.196207,3737453.440801
R936:3737453.035709,0.083891,3737453.440810,3737453.524701
R937:3737453.046634,0.031140,3737453.524710,3737453.555850
R938:3737453.491946,0.008114,3737453.555860,3737453.563974
R939:3737453.578514,0.017597,3737453.578583,3737453.596180
R940:3737453.599312,0.073105,3737453.599376,3737453.672481
R941:3737453.845173,0.016876,3737453.845241,3737453.862117
R942:3737454.034983,0.060910,3737454.035048,3737454.095958
R943:3737454.054155,0.072263,3737454.095982,3737454.168244
R944:3737454.796258,0.131728,3737454.796337,3737454.928066
R945:3737455.050942,0.160184,3737455.051015,3737455.211199
R946:3737455.057982,0.219642,3737455.211222,3737455.430864
R947:3737455.243788,0.048538,3737455.430880,3737455.479418
R948:3737455.479969,0.143141,3737455.479979,3737455.623121
R949:3737455.775418,0.039381,3737455.775488,3737455.814869
R950:3737455.874730,0.628818,3737455.874797,3737456.503615
R951:3737455.891361,0.017235,3737456.503642,3737456.520877
R952:3737455.936859,0.018603,3737456.520886,3737456.539489
R953:3737456.075970,0.354210,3737456.539497,3737456.893707
R954:3737456.168473,0.078343,3737456.893717,3737456.972060
R955:3737456.215921,0.001911,3737456.972069,3737456.973981
R956:3737456.239601,0.167232,3737456.973985,3737457.141217
R957:3737456.250234,0.018677,3737457.141229,3737457.159907
R958:3737456.282144,0.017742,3737457.159912,3737457.177655
R959:3737456.334225,0.005275,3737457.177663,3737457.182938
R960:3737456.526705,0.129524,3737457.182944,3737457.312469
R961:3737456.901890,0.083639,3737457.312477,3737457.396116
R962:3737457.217924,0.093503,3737457.396125,3737457.489628
R963:3737457.377008,0.058893,3737457.489637,3737457.548530
R964:3737457.880586,0.051107,3737457.880667,3737457.931774
R965:3737457.957197,0.062246,3737457.957263,3737458.019510
R966:3737458.202591,0.000952,3737458.202662,3737458.203614
R967:3737458.287270,0.333116,3737458.287346,3737458.620463
R968:3737458.449290,0.004876,3737458.620487,3737458.625363
R969:3737458.482219,0.055670,3737458.625373,3737458.681044
R970:3737458.938551,0.007010,3737458.938630,3737458.945640
R971:3737459.087473,0.105703,3737459.087552,3737459.193255
R972:3737459.185868,0.096774,3737459.193278,3737459.290052
R973:3737459.539093,0.016045,3737459.539161,3737459.555206
R974:3737459.827597,0.070882,3737459.827673,3737459.898555
R975:3737460.081970,0.113116,3737460.082034,3737460.195150
R976:3737460.119095,0.005074,3737460.195177,3737460.200251
R977:3737460.163521,0.188989,3737460.200258,3737460.389248
R978:3737460.210164,0.021733,3737460.389274,3737460.411008
R979:3737460.388460,0.002568,3737460.411014,3737460.413582
R980:3737460.446490,0.006677,3737460.446565,3737460.453242
R981:3737460.597343,0.507901,3737460.597421,3737461.105322
R982:3737460.709164,0.011701,3737461.105351,3737461.117053
R983:3737460.721998,0.029206,3737461.117062,3737461.146268
R984:3737461.250443,0.223790,3737461.250509,3737461.474299
R985:3737461.279123,0.138138,3737461.474323,3737461.612461
R986:3737461.469133,0.013469,3737461.612471,3737461.625941
R987:3737462.009905,0.183821,3737462.009994,3737462.193815
R988:3737462.095413,0.025381,3737462.193843,3737462.219225
R989:3737462.323874,0.075227,3737462.323942,3737462.399169
R990:3737463.077583,0.020918,3737463.077652,3737463.098570
R991:3737463.297023,0.337794,3737463.297087,3737463.634881
R992:3737463.335487,0.059805,3737463.634905,3737463.694710
R993:3737463.380841,0.225498,3737463.694722,3737463.920220
R994:3737463.661897,0.011517,3737463.920240,3737463.931757
R995:3737463.834729,0.027567,3737463.931772,3737463.959339
R996:3737464.256695,0.052630,3737464.256770,3737464.309400
R997:3737464.288444,0.028426,3737464.309425,3737464.337851
R998:3737464.333039,0.021410,3737464.337861,3737464.359271
R999:3737464.455250,0.113213,3737464.455317,3737464.568531